n theta An Bn 
0,0,113754.4921875,-0.0
0,5,111552.75,-0.0
0,10,116265.140625,-0.0
0,15,110366.5546875,-0.0
0,20,117881.2109375,-0.0
0,25,110099.9453125,-0.0
0,30,116077.09375,-0.0
0,35,111286.3359375,-0.0
0,40,112805.296875,-0.0
0,45,113364.6484375,-0.0
0,50,110915.9296875,-0.0
0,55,116353.3515625,-0.0
0,60,110676.2578125,-0.0
0,65,118248.8125,-0.0
0,70,110735.1015625,-0.0
0,75,116912.609375,-0.0
0,80,111863.75,-0.0
0,85,113727.9375,-0.0
0,90,113767.765625,-0.0
0,95,111548.34375,-0.0
0,100,116265.4296875,-0.0
0,105,110367.171875,-0.0
0,110,117881.3984375,-0.0
0,115,110104.96875,-0.0
0,120,116077.2265625,-0.0
0,125,111286.4296875,-0.0
0,130,112805.4921875,-0.0
0,135,113377.140625,-0.0
0,140,110911.3125,-0.0
0,145,116353.3125,-0.0
0,150,110675.4921875,-0.0
0,155,118248.7109375,-0.0
0,160,110741.0625,-0.0
0,165,116914.21875,-0.0
0,170,111863.96875,-0.0
0,175,113728.546875,-0.0
0,180,113757.78125,-0.0
0,185,111555.1484375,-0.0
0,190,116257.453125,-0.0
0,195,110366.9375,-0.0
0,200,117885.4375,-0.0
0,205,110100.03125,-0.0
0,210,116077.3671875,-0.0
0,215,111280.9921875,-0.0
0,220,112808.7109375,-0.0
0,225,113364.734375,-0.0
0,230,110916.3125,-0.0
0,235,116346.921875,-0.0
0,240,110678.28125,-0.0
0,245,118252.53125,-0.0
0,250,110733.421875,-0.0
0,255,116911.03125,-0.0
0,260,111858.8125,-0.0
0,265,113731.78125,-0.0
0,270,113755.7265625,-0.0
0,275,111554.296875,-0.0
0,280,116265.2890625,-0.0
0,285,110367.125,-0.0
0,290,117881.359375,-0.0
0,295,110099.9921875,-0.0
0,300,116077.421875,-0.0
0,305,111286.2578125,-0.0
0,310,112805.359375,-0.0
0,315,113364.71875,-0.0
0,320,110916.1640625,-0.0
0,325,116353.6328125,-0.0
0,330,110677.0,-0.0
0,335,118248.2421875,-0.0
0,340,110733.109375,-0.0
0,345,116910.765625,-0.0
0,350,111863.84375,-0.0
0,355,-7.639704044417283e+19,6.452512852657808e+19
1,0,836.541699427715,-26.055995252500352
1,5,498.09224733043806,197.00558351164656
1,10,566.6616407188728,-610.1159797282206
1,15,354.54981158256373,-264.31135264808324
1,20,604.8008709568905,-386.75070552428025
1,25,515.4808440015944,84.06823553655177
1,30,721.3456665908625,-308.3403474340212
1,35,-273.28802955924397,-586.7445846600792
1,40,-566.3404569753136,-308.1011866022331
1,45,734.3492655354468,156.99185813891444
1,50,288.4164705431384,123.85563300109911
1,55,-565.5351992801227,-630.5300829348249
1,60,-189.19241792847257,-181.66070754055346
1,65,755.5075871616609,-104.721594436745
1,70,358.167639019605,240.1306655436623
1,75,659.7713660926555,-356.4126886984257
1,80,-254.5609603456196,-659.2311187454392
1,85,-587.8806206493014,-459.9636865253569
1,90,836.6476198558532,-30.46130242375488
1,95,498.5046893225907,194.97060621068167
1,100,566.3732722063295,-609.7060803835295
1,105,354.21511972667,-264.21720779194027
1,110,604.852172235061,-386.62820001904873
1,115,516.1131592032858,83.99115913354804
1,120,721.366066163256,-308.29277467266064
1,125,-273.2158232532935,-586.7635334396558
1,130,-566.2733555073817,-308.18262041858867
1,135,734.2743506027423,156.8088028628742
1,140,288.41464862852206,123.62953774703902
1,145,-564.8938238012308,-630.6660395426193
1,150,-188.57256990197058,-181.78887579452706
1,155,755.3110412291667,-104.55734174762027
1,160,358.3385580509737,240.6115844482033
1,165,659.873552019324,-356.17990442453686
1,170,-254.3284825309313,-659.5952665700208
1,175,-588.1209148562725,-459.2921613241885
1,180,837.6538034302234,-28.33767671276842
1,185,499.08964701029504,195.98476573541294
1,190,566.0375313645023,-610.800563621451
1,195,354.15707527754097,-264.91256581342634
1,200,606.1663192904662,-383.8815603290849
1,205,515.8577732614363,84.06742272834106
1,210,721.6811869312872,-307.91570336387355
1,215,-273.9543046148078,-586.2417251203462
1,220,-566.9576187840624,-308.3661670851586
1,225,734.370322604757,157.068223914261
1,230,288.6563954553807,123.86899067238667
1,235,-566.3462734833644,-630.1011628926658
1,240,-189.5402021602522,-181.34765082697487
1,245,755.8981871453167,-100.67988327484912
1,250,358.64838005012206,239.95448308105608
1,255,659.7140271972157,-356.4330459887547
1,260,-255.38518656782654,-658.561051691388
1,265,-588.3460639222145,-460.0533789294026
1,270,836.7019642432053,-29.79508126869356
1,275,498.7915680050291,195.7248592358423
1,280,565.856501664451,-609.7017502242174
1,285,354.4677111760929,-264.01395608907285
1,290,604.5810526341033,-386.57353347171727
1,295,515.437714675808,84.20856938649689
1,300,721.4431750703707,-308.06286616336564
1,305,-272.81645752734283,-586.610354564906
1,310,-566.4673038511655,-308.1201379865541
1,315,733.8393309363178,157.23938153320947
1,320,288.4813293793659,123.71711157262239
1,325,-564.4801062151415,-630.5228960764925
1,330,-189.01040856955657,-181.53878381742788
1,335,755.2202537589783,-104.31111965023469
1,340,358.0177485855816,240.13523024266692
1,345,659.5802443292047,-356.23791356242947
1,350,-253.98107650072802,-659.2387736934122
1,355,-7.639704044417283e+19,6.452512852657808e+19
2,0,194.92497861373042,-55.217971063001585
2,5,106.36792302304006,142.5018803564667
2,10,191.08456804212702,-109.11812132076692
2,15,96.07001205548501,72.50612130759033
2,20,216.10275216164712,19.9241432845444
2,25,106.48179189423266,171.28503937666488
2,30,161.08875011975917,199.44561968078867
2,35,217.30443372158834,141.44349340146596
2,40,5.974466677814734,239.89998273771695
2,45,322.4317392283043,14.528198587914641
2,50,-21.333387324724487,181.57964120918385
2,55,232.70327653390368,-209.1265101756662
2,60,89.70750621590612,169.20910554452377
2,65,232.05021126325903,-74.27571161491696
2,70,145.20779976552765,148.6942828885638
2,75,7.532876078295586,267.510813143855
2,80,187.69614419719503,44.27181309575658
2,85,-79.76158621797875,232.40654359312373
2,90,194.44778946332065,-56.80208068667534
2,95,106.88758151556544,142.09885955265835
2,100,191.08093377977553,-109.07894029637124
2,105,96.06945070993301,72.70527436162595
2,110,216.15374762094916,20.009919322120773
2,115,106.87766219519051,171.30608906183818
2,120,161.13369052633107,199.5749392768669
2,125,217.3864105752309,141.33538639346992
2,130,6.076380736706415,239.98180064004882
2,135,322.2824926293613,13.646665235456123
2,140,-21.00321606393666,181.73932172008077
2,145,232.5778330054948,-209.33517409020874
2,150,89.73165484833926,169.11257954303403
2,155,232.09531681894214,-74.39575558313929
2,160,145.55455883806258,148.6134078639045
2,165,7.5431483945338815,267.5038682104019
2,170,187.7764298734846,44.31427442418218
2,175,-79.7363256794323,232.66441769152172
2,180,194.7938709285413,-55.84222690591739
2,185,106.79931584283611,142.65315530979262
2,190,190.55132704794323,-109.9733890939761
2,195,96.38255720256608,72.69687625993167
2,200,216.2305961071996,18.67513223019211
2,205,106.97983343352523,171.29665268095715
2,210,161.26734163718115,199.4669182484301
2,215,217.14387533008352,141.49156756245273
2,220,6.542508465501931,240.182881211598
2,225,322.4395839240818,14.360586025740433
2,230,-21.001956598746528,181.9682729439894
2,235,232.9081108251432,-209.15390489600173
2,240,90.05254049176125,169.43316639044016
2,245,231.45741435169163,-75.63911599334419
2,250,145.5605477474492,148.570887545262
2,255,7.543006500254974,267.70384174074644
2,260,187.70129172868604,44.32048666152901
2,265,-79.99499520063945,232.70872762883874
2,270,194.60132319340613,-56.47530719406922
2,275,107.05098275300195,142.77961622014863
2,280,190.89975887057747,-108.95054955911574
2,285,96.12363128145718,72.80062873080972
2,290,216.10001711571712,20.010463266093296
2,295,106.84108864532249,171.3956136289904
2,300,161.17543582829444,199.561901012348
2,305,217.3748213938721,141.31457996485554
2,310,6.474036443739725,240.0567756888291
2,315,322.44963350141194,14.390749438363002
2,320,-21.210254847055293,181.9601493230322
2,325,232.57986168396187,-209.1387210696006
2,330,89.86919275734584,169.45199032924276
2,335,232.14300083990508,-74.29615279703958
2,340,145.5081671433854,148.66525731977018
2,345,7.480865128260621,267.71105023938463
2,350,187.84387637825114,44.211550836870046
2,355,-7.639704044417283e+19,6.452512852657808e+19
3,0,0.7420606212463107,241.1266047489632
3,5,180.32479347834405,-79.55901538026632
3,10,-42.033511803010136,-254.39630567680817
3,15,-38.662831247032095,180.8884248488391
3,20,247.34302738720953,23.238607377935267
3,25,-46.41391531345911,-226.03162816742503
3,30,129.581594576067,231.29239147748658
3,35,254.64460258998318,51.00620985176191
3,40,-76.69752340684356,-235.1268234227354
3,45,-22.4249338062896,290.2098370894635
3,50,235.99202129453772,-10.15837907588532
3,55,-31.90084282537842,-334.03792090546335
3,60,-1.7072165144766722,226.95790405340338
3,65,290.8956743132237,39.812595573698836
3,70,-60.84956745752006,-240.96949094370473
3,75,-15.700206228434102,275.1890013844766
3,80,235.4999366767789,2.843698492030651
3,85,14.866863503238065,-229.8320578722201
3,90,2.3215659335231456,240.58546353809083
3,95,179.97627138968215,-80.07619674827623
3,100,-42.016941546108015,-254.4565126486806
3,105,-38.602764450970156,180.97054239378375
3,110,247.3742629881145,23.226354962202425
3,115,-44.95934686676237,-226.2677874676593
3,120,129.60729529183143,231.28407776570833
3,125,254.67828008871018,50.99299061695409
3,130,-76.73797904721059,-235.13542021033993
3,135,-21.521970957641038,290.29775179212373
3,140,235.94817245587487,-11.14597267881067
3,145,-31.97668815268607,-333.98437669649815
3,150,-1.6908693096272427,227.0880806974096
3,155,290.91191204545925,39.7434027037478
3,160,-59.180134800190714,-241.41181136024124
3,165,-15.680136531202711,275.1850715405523
3,170,235.57426407164914,2.7736037480165363
3,175,14.747107112369976,-229.89299811856617
3,180,1.7278457442876258,241.00933988531222
3,185,180.3519324862836,-79.5955191485205
3,190,-43.6534984747917,-254.22901474934264
3,195,-38.78387621311638,180.977928470572
3,200,247.33462472224122,24.341966641699937
3,205,-46.63081231185281,-226.07254753762777
3,210,129.83418350466283,231.11383925419085
3,215,254.52673670552826,51.57901851303712
3,220,-77.4081173012274,-234.9878252573787
3,225,-22.322974160301474,290.3045316720051
3,230,236.0316539467849,-10.385459050130903
3,235,-33.01127877845275,-334.0766871732809
3,240,-1.6429724837575275,226.97136378465677
3,245,290.6986451518888,41.18377750089905
3,250,-61.1356466531753,-240.94338375027482
3,255,-15.542526125105274,275.1644515270186
3,260,235.55130887125298,3.28533540333723
3,265,14.064461762399631,-230.04114606056547
3,270,1.6352211079973298,240.66364941260483
3,275,180.32392641885755,-79.56457156205234
3,280,-41.91519363858025,-254.38910427381765
3,285,-38.51072090617751,180.9854559835404
3,290,247.3920236118186,23.213314261534748
3,295,-46.627716051365944,-226.0902306130015
3,300,129.7646611327066,231.1257580285229
3,305,254.71617039015493,51.0064475099064
3,310,-76.78551452266974,-235.04877442675027
3,315,-22.3933471048613,290.2984383812421
3,320,236.0142628959228,-10.38463922173221
3,325,-31.873991741743787,-333.9704653018716
3,330,-1.3742441442047786,226.98718827484896
3,335,290.90251451283467,39.82090645148507
3,340,-61.073658888201116,-241.02279245063033
3,345,-15.562483152658757,275.13272661871525
3,350,235.64455128098024,2.7605780981723758
3,355,-7.639704044417283e+19,6.452512852657808e+19
